1104618142
2114584008
2180992147
1460823109
1794271402
2170276152
1177326472
1895858178
1822252446
2123566350
2050611004
1377606046
2082617679
1361541817
1371720292
1341985348
2121259389
1802981112
1080978001
247413479
2079445824
954029395
539144334
2118383226
226398871
1769971836
2127187107
2108162811
2114146323
2113436169
189986480
882495517
2096817447
2097021057
2040613560
2084816178
2065512404
2065726736
2066286184
2066860820
1674805173
2066441976
2058104520
2065219028
2053854916
2006493007
2045060108
1999801231
1978364915
1999955687
1656719346
2047150824
2005448103
2035872088
2030271720
2030242172
2031117200
1993715455
2022907364
2021094661
1048704271
1608006459
1165482709
1043436889
1294744480
1970399643
2029548944
2024113428
2023156716
2001763543
1497392200
1850386077
319443653
1922879297
1206681238
2023948660
2024296388
2025106824
2020788745
2023717680
2022907028
1992451731
2018142649
1109123617
1801813000
2011915035
1920372476
1995710087
1996731107
1995775699
1996643995
1996333747
1996422351
1990780935
1713004269
1155712456
1987216371
1969279143
1964634667
1428745306
1947945467
1946762663
1947283235
1948157127
1947498031
1946941259
1903600876
1947577431
1943482131
1553270944
1762372458
1638512688
1324703170
1867633092
100500277
1466884207
1457265787
1526006500
1325844550
1058828287
1909075682
1869772029
1806356181
1834099134
306266444
72812437
1892599785
1891165077
1891473858
1891448277
1547620519
1413754984
1609473270
1746630663
1805945238
1863269802
1884207267
1499490661
1500812779
1380445255
1501232899
1525439140
1515397951
1528708894
1479524473
1623559506
1497418828
1376044471
34721835
1543336267
1346110042
1337740114
550498191
1460322829
1325907226
1520089411
1866420027
1871027817
1354082377
34723369
9012708
1482838744
1718501544
1677056790
927941872
1856077896
1822855014
1181382559
1708852485
1579380430
1764428322
1837730619
1843100820
1558916491
1581214755
1079849995
28315142
328087168
260069810
287362822
1844174298
1219921291
1844054169
1841708082
1843272681
1843123026
1843692111
876344878
1800930955
1841890602
1743625242
81786594
1619435211
55289795
1823043069
1823027199
1821436041
1442687542
1818922047
1818679629
1818116559
1816897875
1818428931
1808713503
1615456659
466617336
1277591188
1702332246
425594232
161662842
1454993905
1347640162
1166880640
1622138220
1684039545
1739780307
84105886
240193446
235227967
1759450629
1756927371
1753222521
1717374693
1747216017
137937649
777932863
1597927995
1469298076
1709826849
970471888
1135014325
1582376955
1598196075
1681479084
1707631422
1662114219
1604415789
1723800717
1709496516
1628768601
233780643
64883790
1687280994
1692256194
1678637808
1677726177
1676636394
1667016459
1566464488
182183396
108443567
1589893651
1644830172
1371922795
1380124972
1210558651
1469552419
1473549298
373131962
705907681
839666461
1583766795
1478117164
1511182381
1538036278
1630046121
1477226206
1597857336
1431730585
249799316
1325456779
1359294889
1534857925
1420766506
1612504140
1608101721
714824344
1213222756
1382314348
1400490997
1558768564
1600477071
1398988864
1507535671
1596699546
1595794653
1593842838
1330785442
1414083136
1582315735
1581329323
1032516037
343590463
1561239361
1508976277
1576002376
1576304053
846243820
1345742509
287362113
1130931433
1529530174
1556181508
1351536442
1569014053
1563956245
1567995304
1575147142
1562366863
1562090461
1563143383
1564162957
1534693543
1429623682
1277447383
1414243948
1016281285
810608584
1574584501
1204749730
1557261223
1520519614
1538622439
175017064
1417503616
695843545
172018093
679464096
34901951
227228077
478697376
1556868307
1555240447
1556142637
1551129136
1540134232
1539109654
1496380486
1446988039
1178649415
350474455
1040890036
1049395957
998524336
1129145317
1536064744
592063920
31211118
28051755
170469264
259756253
1526356624
1522445641
1527164170
1527268486
1528308445
1527555271
1488134239
1452797479
1473823252
1489621156
1516736062
1517211352
1313555317
1507708330
1498451449
1422863605
1507858444
277086162
679937321
1084263319
1492422535
1498385467
1497913453
1496588911
1489355746
1485707755
1485141145
1359275728
1483108084
1429115917
1482785209
1481451349
1165427176
1030360789
1479896680
1472231869
226439736
1271267206
1452625933
1452666172
633110286
1178572714
257398047
299449933
198614509
193242155
235130540
224193904
1427577997
700151215
1439495839
1231154665
1203164530
1138665721
1207748335
1392924532
1414496431
1113983806
1340711941
342742294
